,Time,Temperature,Dew Point,Humidity,Wind,Wind Speed,Wind Gust,Pressure,Precip.,Condition
0,11:53 PM,80 °F,71 °F,74 °%,S,8 °mph,0 °mph,29.39 °in,0.0 °in,Fair
1,12:53 AM,79 °F,72 °F,79 °%,SSW,9 °mph,0 °mph,29.38 °in,0.0 °in,Fair
2,1:53 AM,77 °F,72 °F,84 °%,S,5 °mph,0 °mph,29.38 °in,0.0 °in,Fair
3,2:48 AM,75 °F,73 °F,94 °%,S,6 °mph,0 °mph,29.39 °in,0.0 °in,Mostly Cloudy
4,2:53 AM,76 °F,73 °F,91 °%,S,6 °mph,0 °mph,29.39 °in,0.0 °in,Mostly Cloudy
5,3:13 AM,76 °F,73 °F,91 °%,S,5 °mph,0 °mph,29.40 °in,0.0 °in,Partly Cloudy
6,3:53 AM,76 °F,73 °F,91 °%,SSW,5 °mph,0 °mph,29.40 °in,0.0 °in,Mostly Cloudy
7,4:53 AM,75 °F,73 °F,94 °%,S,3 °mph,0 °mph,29.41 °in,0.0 °in,Mostly Cloudy
8,5:53 AM,75 °F,74 °F,96 °%,S,3 °mph,0 °mph,29.41 °in,0.0 °in,Mostly Cloudy
9,6:53 AM,77 °F,75 °F,94 °%,S,6 °mph,0 °mph,29.43 °in,0.0 °in,Fair
10,7:53 AM,80 °F,74 °F,81 °%,SSW,12 °mph,0 °mph,29.44 °in,0.0 °in,Mostly Cloudy
11,8:53 AM,83 °F,73 °F,72 °%,SSW,14 °mph,21 °mph,29.44 °in,0.0 °in,Mostly Cloudy
12,9:53 AM,87 °F,72 °F,61 °%,SSW,9 °mph,0 °mph,29.44 °in,0.0 °in,Partly Cloudy
13,10:53 AM,90 °F,70 °F,52 °%,S,10 °mph,18 °mph,29.44 °in,0.0 °in,Partly Cloudy
14,11:53 AM,94 °F,68 °F,43 °%,SW,12 °mph,0 °mph,29.42 °in,0.0 °in,Partly Cloudy
15,12:53 PM,96 °F,66 °F,37 °%,S,7 °mph,22 °mph,29.40 °in,0.0 °in,Partly Cloudy
16,1:53 PM,98 °F,65 °F,34 °%,VAR,5 °mph,20 °mph,29.38 °in,0.0 °in,Partly Cloudy
17,2:18 PM,99 °F,63 °F,30 °%,S,7 °mph,20 °mph,29.38 °in,0.0 °in,Partly Cloudy
18,2:53 PM,100 °F,63 °F,29 °%,SE,10 °mph,17 °mph,29.38 °in,0.0 °in,Mostly Cloudy
19,3:53 PM,98 °F,64 °F,33 °%,SE,7 °mph,0 °mph,29.35 °in,0.0 °in,Mostly Cloudy
20,4:53 PM,99 °F,61 °F,28 °%,SE,9 °mph,16 °mph,29.33 °in,0.0 °in,Mostly Cloudy
21,5:53 PM,99 °F,59 °F,26 °%,ESE,12 °mph,0 °mph,29.32 °in,0.0 °in,Partly Cloudy
22,6:53 PM,96 °F,59 °F,29 °%,SE,14 °mph,0 °mph,29.33 °in,0.0 °in,Partly Cloudy
23,7:53 PM,92 °F,64 °F,39 °%,S,12 °mph,0 °mph,29.34 °in,0.0 °in,Mostly Cloudy
24,8:53 PM,89 °F,67 °F,48 °%,S,14 °mph,26 °mph,29.37 °in,0.0 °in,Mostly Cloudy
25,9:53 PM,86 °F,69 °F,57 °%,S,13 °mph,28 °mph,29.39 °in,0.0 °in,Partly Cloudy
26,10:53 PM,83 °F,71 °F,67 °%,S,14 °mph,22 °mph,29.41 °in,0.0 °in,Partly Cloudy
27,,,,,,,,,,
28,,,,,,,,,,
29,,,,,,,,,,
30,,,,,,,,,,
31,,,,,,,,,,
32,,,,,,,,,,
33,,,,,,,,,,
34,,,,,,,,,,
35,,,,,,,,,,
36,,,,,,,,,,
